<svg xmlns="http://www.w3.org/2000/svg" width="405.844" height="86.09" viewBox="0 0 405.844 86.09">
  <defs>
    <style>
      .cls-1 {
        fill: #992c16;
        fill-rule: evenodd;
        opacity: 0.3;
      }
    </style>
  </defs>
  <path id="Maybe_there_are_five_thousand_roses_in_the_world_as_same_as_you" data-name="Maybe there are five thousand roses in the world as same as you" class="cls-1" d="M189.531,1232.34H189l-3.3,8.13-3.589-8.13H181.35v0.04l0.162,0.36-1,9.37h0.141l0.985-9.11,3.751,8.52h0.054l3.444-8.48,0.848,9.09h0.713Zm8.047,9.54c-0.673,0-.673-0.38-0.673-1.03v-3.44c0-1.72-.753-2.5-2.206-2.5a3.415,3.415,0,0,0-2.436,1.05l0.122,0.14a3.016,3.016,0,0,1,2.045-.84c1.238,0,1.83.74,1.83,2.26v0.8c-0.444.03-.929,0.07-1.4,0.13-1.83.21-3.094,0.92-3.094,2.22a1.623,1.623,0,0,0,1.856,1.58,4.029,4.029,0,0,0,2.638-1.06,0.87,0.87,0,0,0,.793.98,1.525,1.525,0,0,0,.767-0.24v-0.08A1.975,1.975,0,0,1,197.578,1241.88Zm-1.318-.95a3.285,3.285,0,0,1-2.247.97,1.713,1.713,0,0,1-1.826-1.58c-0.1-1.43,2.183-1.73,4.073-1.66v2.27Zm7.906-5.89-2.291,6.25,0.012-.1-2.677-6.15h-0.7l3.041,6.99-0.485,1.21c-0.444,1.11-2.01,1.28-2.643,1.28a2.414,2.414,0,0,1-.511-0.06l-0.085.78a3.679,3.679,0,0,0,3.5-2l0.435-1.02,0.01-.01,0.013-.03,0.039-.11,0.065-.17,2.546-6.85Zm4.721-.14a3.467,3.467,0,0,0-2.475,1.13v-4.81h-0.054l-0.592.27v10.63h0.054l0.43-.89a3.128,3.128,0,0,0,2.328,1.05,3.5,3.5,0,0,0,3.337-3.78C211.915,1236.4,210.637,1234.9,208.887,1234.9Zm-0.323,7.16a2.409,2.409,0,0,1-2.152-1.34v-4.35a3.178,3.178,0,0,1,2.3-1.14c1.385,0,2.475,1.33,2.475,3.37C211.188,1240.72,210.031,1242.06,208.564,1242.06Zm10.728-1.05a3.186,3.186,0,0,1-4.5-.37,3.651,3.651,0,0,1-1.129-2.7h5.613c0-.08,0-0.15-0.007-0.22a2.625,2.625,0,0,0-2.381-2.81,0.055,0.055,0,0,0-.011-0.01h-0.095a0.1,0.1,0,0,1-.053-0.01h-0.054a3.349,3.349,0,0,0-2.371,1.13,3.621,3.621,0,0,0,5.121,5.12,4.207,4.207,0,0,0,.331-0.38h-0.245C219.443,1240.84,219.37,1240.93,219.292,1241.01Zm-4.859-4.86a2.646,2.646,0,0,1,1.926-.78,2.046,2.046,0,0,1,2.171,1.94c0,0.02,0,.04.006,0.05,0.01,0.08.016,0.17,0.018,0.25a0.134,0.134,0,0,1,0,.02c0,0.03,0,.06,0,0.09h-4.88A2.619,2.619,0,0,1,214.433,1236.15Zm14.679,5.47a3.205,3.205,0,0,1-1.211.49c-1.238,0-1.251-1.3-1.251-1.72l0.007-5.11,2.294,0.15,0.188-.36H226.65v-2.12H226.6l-0.673,2.12h-1.09v0.36l1.162-.15L226,1240.5a1.5,1.5,0,0,0,1.588,1.78,3.062,3.062,0,0,0,1.628-.5Zm4.907-6.72a3.929,3.929,0,0,0-2.785,1.23v-4.91H231.18l-0.592.27v10.63h0.646v-5.74a3.685,3.685,0,0,1,2.513-1.21c1.857,0,1.846,1.75,1.846,2.34v4.61h0.646v-4.71C236.239,1235.7,235.486,1234.9,234.019,1234.9Zm9.871,6.11a3.186,3.186,0,0,1-4.5-.37,3.651,3.651,0,0,1-1.129-2.7h5.613c0-.08,0-0.15-0.007-0.22a2.625,2.625,0,0,0-2.381-2.81,0.055,0.055,0,0,0-.011-0.01h-0.095a0.1,0.1,0,0,1-.053-0.01H241.27a3.349,3.349,0,0,0-2.371,1.13,3.621,3.621,0,0,0,5.121,5.12,4.207,4.207,0,0,0,.331-0.38h-0.245C244.041,1240.84,243.968,1240.93,243.89,1241.01Zm-4.859-4.86a2.646,2.646,0,0,1,1.926-.78,2.046,2.046,0,0,1,2.171,1.94c0,0.02.005,0.04,0.006,0.05,0.01,0.08.016,0.17,0.018,0.25a0.134,0.134,0,0,1,0,.02c0,0.03,0,.06,0,0.09h-4.88A2.619,2.619,0,0,1,239.031,1236.15Zm9.723-1.21a2.748,2.748,0,0,0-2.261,1.48v-1.46H246.44l-0.592.27v6.89h0.645v-5.54a2.024,2.024,0,0,1,1.881-.98,1.751,1.751,0,0,1,.766.17l0.273-.75A2.548,2.548,0,0,0,248.754,1234.94Zm7.6,6.07a3.186,3.186,0,0,1-4.5-.37,3.651,3.651,0,0,1-1.129-2.7h5.613c0-.08,0-0.15-0.007-0.22a2.625,2.625,0,0,0-2.381-2.81,0.055,0.055,0,0,0-.011-0.01h-0.095a0.1,0.1,0,0,1-.053-0.01H253.73a3.349,3.349,0,0,0-2.371,1.13,3.621,3.621,0,0,0,5.121,5.12,4.207,4.207,0,0,0,.331-0.38h-0.245C256.5,1240.84,256.428,1240.93,256.35,1241.01Zm-4.859-4.86a2.646,2.646,0,0,1,1.926-.78,2.046,2.046,0,0,1,2.171,1.94c0,0.02,0,.04.006,0.05,0.01,0.08.016,0.17,0.018,0.25a0.134,0.134,0,0,1,0,.02c0,0.03,0,.06,0,0.09h-4.88A2.619,2.619,0,0,1,251.491,1236.15Zm16.465,5.73c-0.673,0-.673-0.38-0.673-1.03v-3.44c0-1.72-.753-2.5-2.206-2.5a3.415,3.415,0,0,0-2.436,1.05l0.122,0.14a3.016,3.016,0,0,1,2.045-.84c1.238,0,1.83.74,1.83,2.26v0.8c-0.444.03-.929,0.07-1.4,0.13-1.83.21-3.094,0.92-3.094,2.22a1.623,1.623,0,0,0,1.856,1.58,4.029,4.029,0,0,0,2.638-1.06,0.87,0.87,0,0,0,.793.98,1.525,1.525,0,0,0,.767-0.24v-0.08A1.975,1.975,0,0,1,267.956,1241.88Zm-1.318-.95a3.285,3.285,0,0,1-2.247.97,1.713,1.713,0,0,1-1.826-1.58c-0.1-1.43,2.183-1.73,4.073-1.66v2.27Zm5.874-5.99a2.748,2.748,0,0,0-2.261,1.48v-1.46H270.2l-0.592.27v6.89h0.645v-5.54a2.024,2.024,0,0,1,1.881-.98,1.751,1.751,0,0,1,.766.17l0.273-.75A2.548,2.548,0,0,0,272.512,1234.94Zm7.6,6.07a3.186,3.186,0,0,1-4.5-.37,3.651,3.651,0,0,1-1.129-2.7h5.613c0-.08,0-0.15-0.007-0.22a2.625,2.625,0,0,0-2.381-2.81,0.055,0.055,0,0,0-.011-0.01H277.6a0.1,0.1,0,0,1-.053-0.01h-0.054a3.349,3.349,0,0,0-2.371,1.13,3.621,3.621,0,0,0,5.121,5.12,4.207,4.207,0,0,0,.331-0.38h-0.245C280.259,1240.84,280.186,1240.93,280.108,1241.01Zm-4.859-4.86a2.646,2.646,0,0,1,1.926-.78,2.046,2.046,0,0,1,2.171,1.94c0,0.02,0,.04.006,0.05,0.01,0.08.016,0.17,0.018,0.25a0.134,0.134,0,0,1,0,.02c0,0.03,0,.06,0,0.09H274.5A2.619,2.619,0,0,1,275.249,1236.15Zm13.967-4.66a3.563,3.563,0,0,1,1.534.31l0.081-.17a4.052,4.052,0,0,0-1.871-.47c-1.345,0-2.112.84-2.112,2.51v1.4h-1.171v0.44l1.179-.14-0.008,6.75h0.646l0.008-6.74,2.292,0.13,0.189-.44h-2.489v-1.3C287.494,1232.2,288.086,1231.49,289.216,1231.49Zm2.008,3.74v6.89h0.646v-7.16h-0.054Zm0.633-1.98a0.438,0.438,0,1,0-.619,0A0.439,0.439,0,0,0,291.857,1233.25Zm7.582,1.83-0.265-.01-2.411,6.57-2.868-6.57h-0.7l3.028,7.18h0.805l-0.137-.31Zm7.031,5.93a3.186,3.186,0,0,1-4.5-.37,3.651,3.651,0,0,1-1.129-2.7h5.613c0-.08,0-0.15-0.007-0.22a2.625,2.625,0,0,0-2.381-2.81,0.055,0.055,0,0,0-.011-0.01h-0.1a0.1,0.1,0,0,1-.053-0.01H303.85a3.349,3.349,0,0,0-2.371,1.13,3.621,3.621,0,0,0,5.121,5.12,4.207,4.207,0,0,0,.331-0.38h-0.245C306.621,1240.84,306.548,1240.93,306.47,1241.01Zm-4.859-4.86a2.646,2.646,0,0,1,1.926-.78,2.046,2.046,0,0,1,2.171,1.94c0,0.02,0,.04.006,0.05,0.01,0.08.016,0.17,0.018,0.25a0.134,0.134,0,0,1,0,.02c0,0.03,0,.06,0,0.09h-4.88A2.619,2.619,0,0,1,301.611,1236.15Zm14.679,5.47a3.205,3.205,0,0,1-1.211.49c-1.238,0-1.251-1.3-1.251-1.72l0.007-5.11,2.294,0.15,0.188-.36h-2.489v-2.12h-0.054l-0.673,2.12h-1.09v0.36l1.162-.15,0.009,5.22a1.5,1.5,0,0,0,1.588,1.78,3.062,3.062,0,0,0,1.628-.5Zm4.907-6.72a3.929,3.929,0,0,0-2.785,1.23v-4.91h-0.054l-0.592.27v10.63h0.646v-5.74a3.685,3.685,0,0,1,2.513-1.21c1.857,0,1.846,1.75,1.846,2.34v4.61h0.646v-4.71C323.417,1235.7,322.663,1234.9,321.2,1234.9Zm10.121,1.02a3.691,3.691,0,0,0-5.221,5.22A3.691,3.691,0,1,0,331.318,1235.92Zm-0.134,5.09a3.552,3.552,0,0,1-4.954-4.96,2.74,2.74,0,0,1,1.964-.79,3.756,3.756,0,0,1,2.614,1.15,3.856,3.856,0,0,1,1.147,2.37A2.761,2.761,0,0,1,331.184,1241.01Zm8.4-.08v-5.97h-0.053l-0.592.27v5.45a3.508,3.508,0,0,1-2.463,1.25c-1.857,0-1.857-1.67-1.857-2.26v-4.71H334.57l-0.592.27v4.54c0,1.71.753,2.51,2.22,2.51a4.031,4.031,0,0,0,2.745-1.28v0.07l0.349,1.15,0.592-.27Zm4.63-2.69-0.539-.24c-0.713-.32-1.695-0.7-1.695-1.59a1.48,1.48,0,0,1,1.6-1.42,3.593,3.593,0,0,1,2.049,1.22l0.289-.71a4.657,4.657,0,0,0-2.273-.6c-1.265,0-2.234.64-2.234,1.71,0,1.13,1.05,1.6,2,2.03l0.538,0.25c0.848,0.37,1.682.75,1.682,1.67a1.742,1.742,0,0,1-1.918,1.61c-1,0-1.55-.84-2.129-1.42l-0.34.8a4.322,4.322,0,0,0,2.422.73c1.48,0,2.516-.74,2.516-1.94S345.119,1238.64,344.218,1238.24Zm8.97,3.64c-0.673,0-.673-0.38-0.673-1.03v-3.44c0-1.72-.753-2.5-2.206-2.5a3.413,3.413,0,0,0-2.436,1.05L348,1236.1a3.016,3.016,0,0,1,2.045-.84c1.238,0,1.83.74,1.83,2.26v0.8c-0.444.03-.929,0.07-1.4,0.13-1.83.21-3.094,0.92-3.094,2.22a1.623,1.623,0,0,0,1.856,1.58,4.029,4.029,0,0,0,2.638-1.06,0.87,0.87,0,0,0,.793.98,1.525,1.525,0,0,0,.767-0.24v-0.08A1.975,1.975,0,0,1,353.188,1241.88Zm-1.318-.95a3.285,3.285,0,0,1-2.247.97,1.713,1.713,0,0,1-1.826-1.58c-0.1-1.43,2.183-1.73,4.073-1.66v2.27Zm6.4-6.03a3.932,3.932,0,0,0-2.786,1.23v-1.17H355.43l-0.592.27v6.89h0.645v-5.74a3.689,3.689,0,0,1,2.514-1.21c1.857,0,1.846,1.75,1.846,2.34v4.61h0.646v-4.71C360.489,1235.7,359.735,1234.9,358.269,1234.9Zm10.011,6.03v-9.71h-0.053l-0.592.27v4.29a3.084,3.084,0,0,0-2.167-.88,3.5,3.5,0,0,0-3.336,3.78c0,2.1,1.278,3.6,3.027,3.6a3.432,3.432,0,0,0,2.489-1.16l0.337,1.1,0.591-.27Zm-0.645-.12a3.182,3.182,0,0,1-2.3,1.14c-1.386,0-2.476-1.33-2.476-3.37,0-2.12,1.157-3.46,2.624-3.46a2.412,2.412,0,0,1,2.153,1.34v4.35Zm9.919-5.87a2.747,2.747,0,0,0-2.261,1.48v-1.46H375.24l-0.592.27v6.89h0.645v-5.54a2.024,2.024,0,0,1,1.881-.98,1.751,1.751,0,0,1,.766.17l0.273-.75A2.548,2.548,0,0,0,377.554,1234.94Zm7.846,0.98a3.691,3.691,0,0,0-5.221,5.22A3.691,3.691,0,1,0,385.4,1235.92Zm-0.134,5.09a3.552,3.552,0,0,1-4.954-4.96,2.74,2.74,0,0,1,1.964-.79,3.756,3.756,0,0,1,2.614,1.15,3.856,3.856,0,0,1,1.147,2.37A2.761,2.761,0,0,1,385.266,1241.01Zm5.418-2.77-0.539-.24c-0.713-.32-1.695-0.7-1.695-1.59a1.48,1.48,0,0,1,1.6-1.42,3.593,3.593,0,0,1,2.049,1.22l0.289-.71a4.657,4.657,0,0,0-2.273-.6c-1.265,0-2.234.64-2.234,1.71,0,1.13,1.05,1.6,2,2.03l0.538,0.25c0.848,0.37,1.682.75,1.682,1.67a1.742,1.742,0,0,1-1.918,1.61c-1,0-1.55-.84-2.129-1.42l-0.34.8a4.322,4.322,0,0,0,2.422.73c1.48,0,2.516-.74,2.516-1.94S391.585,1238.64,390.684,1238.24Zm9.292,2.77a3.186,3.186,0,0,1-4.5-.37,3.651,3.651,0,0,1-1.129-2.7h5.613c0-.08,0-0.15-0.007-0.22a2.625,2.625,0,0,0-2.381-2.81,0.055,0.055,0,0,0-.011-0.01h-0.095a0.1,0.1,0,0,1-.053-0.01h-0.054a3.349,3.349,0,0,0-2.371,1.13,3.621,3.621,0,0,0,5.121,5.12,4.207,4.207,0,0,0,.331-0.38h-0.245C400.127,1240.84,400.054,1240.93,399.976,1241.01Zm-4.859-4.86a2.646,2.646,0,0,1,1.926-.78,2.046,2.046,0,0,1,2.171,1.94c0,0.02,0,.04.006,0.05,0.01,0.08.016,0.17,0.018,0.25a0.134,0.134,0,0,1,0,.02c0,0.03,0,.06,0,0.09h-4.88A2.619,2.619,0,0,1,395.117,1236.15Zm9.371,2.09-0.539-.24c-0.713-.32-1.695-0.7-1.695-1.59a1.48,1.48,0,0,1,1.6-1.42,3.593,3.593,0,0,1,2.049,1.22l0.289-.71a4.657,4.657,0,0,0-2.273-.6c-1.265,0-2.234.64-2.234,1.71,0,1.13,1.05,1.6,2,2.03l0.538,0.25c0.848,0.37,1.682.75,1.682,1.67a1.742,1.742,0,0,1-1.918,1.61c-1,0-1.55-.84-2.129-1.42l-0.34.8a4.322,4.322,0,0,0,2.422.73c1.48,0,2.516-.74,2.516-1.94S405.389,1238.64,404.488,1238.24Zm7.892-3.01v6.89h0.646v-7.16h-0.054Zm0.633-1.98a0.438,0.438,0,1,0-.619,0A0.439,0.439,0,0,0,413.013,1233.25Zm5.47,1.65a3.932,3.932,0,0,0-2.786,1.23v-1.17h-0.053l-0.592.27v6.89H415.7v-5.74a3.689,3.689,0,0,1,2.514-1.21c1.856,0,1.846,1.75,1.846,2.34v4.61H420.7v-4.71C420.7,1235.7,419.949,1234.9,418.483,1234.9Zm12.047,6.72a3.205,3.205,0,0,1-1.211.49c-1.238,0-1.251-1.3-1.251-1.72l0.007-5.11,2.294,0.15,0.188-.36h-2.489v-2.12h-0.054l-0.673,2.12h-1.09v0.36l1.162-.15,0.009,5.22a1.5,1.5,0,0,0,1.588,1.78,3.062,3.062,0,0,0,1.628-.5Zm4.907-6.72a3.929,3.929,0,0,0-2.785,1.23v-4.91H432.6l-0.592.27v10.63h0.646v-5.74a3.685,3.685,0,0,1,2.513-1.21c1.857,0,1.846,1.75,1.846,2.34v4.61h0.646v-4.71C437.657,1235.7,436.9,1234.9,435.437,1234.9Zm9.871,6.11a3.186,3.186,0,0,1-4.5-.37,3.651,3.651,0,0,1-1.129-2.7h5.613c0-.08,0-0.15-0.007-0.22a2.625,2.625,0,0,0-2.381-2.81,0.055,0.055,0,0,0-.011-0.01H442.8a0.1,0.1,0,0,1-.053-0.01h-0.054a3.349,3.349,0,0,0-2.371,1.13,3.621,3.621,0,0,0,5.121,5.12,4.207,4.207,0,0,0,.331-0.38h-0.245C445.459,1240.84,445.385,1240.93,445.308,1241.01Zm-4.859-4.86a2.646,2.646,0,0,1,1.926-.78,2.046,2.046,0,0,1,2.171,1.94c0,0.02,0,.04.006,0.05,0.01,0.08.016,0.17,0.018,0.25a0.134,0.134,0,0,1,0,.02c0,0.03,0,.06,0,0.09H439.7A2.619,2.619,0,0,1,440.449,1236.15Zm20.477-1.07-0.265-.01-2.411,6.57-1.942-4.45,0.785-2.11-0.265-.01-0.66,1.8-0.786-1.8h-0.7l1.148,2.72-1.413,3.85-2.868-6.57h-0.7l3.028,7.18h0.805l-0.137-.31,1.42-3.83,1.745,4.14h0.805l-0.137-.31Zm7.284,0.84a3.691,3.691,0,0,0-5.221,5.22A3.691,3.691,0,1,0,468.21,1235.92Zm-0.134,5.09a3.552,3.552,0,0,1-4.954-4.96,2.74,2.74,0,0,1,1.964-.79,3.756,3.756,0,0,1,2.614,1.15,3.856,3.856,0,0,1,1.147,2.37A2.761,2.761,0,0,1,468.076,1241.01Zm5.77-6.07a2.747,2.747,0,0,0-2.261,1.48v-1.46h-0.053l-0.592.27v6.89h0.645v-5.54a2.024,2.024,0,0,1,1.881-.98,1.751,1.751,0,0,1,.766.17l0.273-.75A2.548,2.548,0,0,0,473.846,1234.94Zm2.5-3.72-0.592.27v10.63H476.4v-10.9h-0.054Zm7.908,9.71v-9.71H484.2l-0.593.27v4.29a3.079,3.079,0,0,0-2.166-.88,3.5,3.5,0,0,0-3.337,3.78c0,2.1,1.279,3.6,3.028,3.6a3.432,3.432,0,0,0,2.489-1.16l0.336,1.1,0.592-.27Zm-0.646-.12a3.178,3.178,0,0,1-2.3,1.14c-1.386,0-2.476-1.33-2.476-3.37,0-2.12,1.157-3.46,2.624-3.46a2.409,2.409,0,0,1,2.152,1.34v4.35Zm12.378,1.07c-0.673,0-.673-0.38-0.673-1.03v-3.44c0-1.72-.753-2.5-2.206-2.5a3.413,3.413,0,0,0-2.436,1.05l0.121,0.14a3.02,3.02,0,0,1,2.046-.84c1.237,0,1.83.74,1.83,2.26v0.8c-0.444.03-.929,0.07-1.4,0.13-1.83.21-3.095,0.92-3.095,2.22a1.624,1.624,0,0,0,1.857,1.58,4.031,4.031,0,0,0,2.638-1.06,0.869,0.869,0,0,0,.793.98,1.525,1.525,0,0,0,.767-0.24v-0.08A1.975,1.975,0,0,1,495.988,1241.88Zm-1.318-.95a3.285,3.285,0,0,1-2.247.97,1.713,1.713,0,0,1-1.826-1.58c-0.1-1.43,2.183-1.73,4.073-1.66v2.27Zm5.521-2.69-0.538-.24c-0.713-.32-1.695-0.7-1.695-1.59a1.48,1.48,0,0,1,1.6-1.42,3.593,3.593,0,0,1,2.049,1.22l0.289-.71a4.658,4.658,0,0,0-2.274-.6c-1.264,0-2.233.64-2.233,1.71,0,1.13,1.049,1.6,2.005,2.03l0.538,0.25c0.848,0.37,1.682.75,1.682,1.67a1.742,1.742,0,0,1-1.918,1.61c-1,0-1.55-.84-2.129-1.42l-0.34.8a4.322,4.322,0,0,0,2.422.73c1.48,0,2.516-.74,2.516-1.94S501.093,1238.64,500.191,1238.24Zm10.444,0L510.1,1238c-0.713-.32-1.695-0.7-1.695-1.59a1.48,1.48,0,0,1,1.6-1.42,3.593,3.593,0,0,1,2.049,1.22l0.289-.71a4.658,4.658,0,0,0-2.274-.6c-1.264,0-2.233.64-2.233,1.71,0,1.13,1.049,1.6,2,2.03l0.538,0.25c0.848,0.37,1.682.75,1.682,1.67a1.742,1.742,0,0,1-1.918,1.61c-1,0-1.55-.84-2.129-1.42l-0.34.8a4.322,4.322,0,0,0,2.422.73c1.48,0,2.516-.74,2.516-1.94S511.537,1238.64,510.635,1238.24Zm8.971,3.64c-0.673,0-.673-0.38-0.673-1.03v-3.44c0-1.72-.753-2.5-2.206-2.5a3.413,3.413,0,0,0-2.436,1.05l0.121,0.14a3.02,3.02,0,0,1,2.046-.84c1.238,0,1.83.74,1.83,2.26v0.8c-0.444.03-.929,0.07-1.4,0.13-1.83.21-3.1,0.92-3.1,2.22a1.624,1.624,0,0,0,1.857,1.58,4.029,4.029,0,0,0,2.638-1.06,0.869,0.869,0,0,0,.793.98,1.525,1.525,0,0,0,.767-0.24v-0.08A1.975,1.975,0,0,1,519.606,1241.88Zm-1.318-.95a3.285,3.285,0,0,1-2.247.97,1.713,1.713,0,0,1-1.826-1.58c-0.1-1.43,2.183-1.73,4.073-1.66v2.27Zm11.135-6.03a3.792,3.792,0,0,0-2.8,1.35,1.915,1.915,0,0,0-2.072-1.35,3.6,3.6,0,0,0-2.651,1.23v-1.17h-0.053l-0.592.27v6.89H521.9v-5.74a3.39,3.39,0,0,1,2.379-1.21c1.857,0,1.846,1.75,1.846,2.34v4.61h0.646v-4.71a3.813,3.813,0,0,0-.094-0.92,3.5,3.5,0,0,1,2.473-1.32c1.857,0,1.846,1.75,1.846,2.34v4.61h0.646v-4.71C531.643,1235.7,530.89,1234.9,529.423,1234.9Zm9.867,6.11a3.186,3.186,0,0,1-4.5-.37,3.651,3.651,0,0,1-1.129-2.7h5.613c0-.08,0-0.15-0.007-0.22a2.625,2.625,0,0,0-2.381-2.81,0.055,0.055,0,0,0-.011-0.01h-0.095a0.1,0.1,0,0,1-.053-0.01H536.67a3.349,3.349,0,0,0-2.371,1.13,3.621,3.621,0,0,0,5.121,5.12,4.207,4.207,0,0,0,.331-0.38h-0.245C539.441,1240.84,539.367,1240.93,539.29,1241.01Zm-4.859-4.86a2.646,2.646,0,0,1,1.926-.78,2.046,2.046,0,0,1,2.171,1.94c0,0.02,0,.04.006,0.05,0.01,0.08.016,0.17,0.018,0.25a0.134,0.134,0,0,1,0,.02c0,0.03,0,.06,0,0.09h-4.88A2.619,2.619,0,0,1,534.431,1236.15Zm16.465,5.73c-0.673,0-.673-0.38-0.673-1.03v-3.44c0-1.72-.753-2.5-2.206-2.5a3.413,3.413,0,0,0-2.436,1.05l0.121,0.14a3.02,3.02,0,0,1,2.046-.84c1.237,0,1.83.74,1.83,2.26v0.8c-0.445.03-.929,0.07-1.4,0.13-1.83.21-3.1,0.92-3.1,2.22a1.624,1.624,0,0,0,1.857,1.58,4.031,4.031,0,0,0,2.638-1.06,0.869,0.869,0,0,0,.793.98,1.525,1.525,0,0,0,.767-0.24v-0.08A1.975,1.975,0,0,1,550.9,1241.88Zm-1.318-.95a3.285,3.285,0,0,1-2.247.97,1.713,1.713,0,0,1-1.826-1.58c-0.1-1.43,2.183-1.73,4.073-1.66v2.27Zm5.521-2.69-0.538-.24c-0.713-.32-1.7-0.7-1.7-1.59a1.48,1.48,0,0,1,1.6-1.42,3.593,3.593,0,0,1,2.049,1.22l0.289-.71a4.658,4.658,0,0,0-2.274-.6c-1.264,0-2.233.64-2.233,1.71,0,1.13,1.049,1.6,2,2.03l0.538,0.25c0.848,0.37,1.682.75,1.682,1.67a1.742,1.742,0,0,1-1.918,1.61c-0.995,0-1.55-.84-2.129-1.42l-0.34.8a4.322,4.322,0,0,0,2.422.73c1.48,0,2.516-.74,2.516-1.94S556,1238.64,555.1,1238.24Zm12.829-3.2-2.292,6.25,0.013-.1-2.678-6.15h-0.7l3.041,6.99-0.485,1.21c-0.444,1.11-2.011,1.28-2.643,1.28a2.414,2.414,0,0,1-.511-0.06l-0.085.78a3.679,3.679,0,0,0,3.495-2l0.435-1.02,0.01-.01,0.013-.03,0.039-.11,0.065-.17,2.546-6.85Zm7.536,0.88a3.691,3.691,0,0,0-5.221,5.22A3.691,3.691,0,1,0,575.464,1235.92Zm-0.134,5.09a3.552,3.552,0,0,1-4.954-4.96,2.74,2.74,0,0,1,1.964-.79,3.756,3.756,0,0,1,2.614,1.15,3.861,3.861,0,0,1,1.147,2.37A2.761,2.761,0,0,1,575.33,1241.01Zm8.4-.08v-5.97h-0.053l-0.593.27v5.45a3.5,3.5,0,0,1-2.462,1.25c-1.857,0-1.857-1.67-1.857-2.26v-4.71h-0.054l-0.591.27v4.54c0,1.71.753,2.51,2.22,2.51a4.027,4.027,0,0,0,2.744-1.28v0.07l0.35,1.15,0.592-.27Zm2.1,0.11a0.424,0.424,0,0,0-.549.03,0.419,0.419,0,0,0,.015.6,1.378,1.378,0,0,1,.5.98,1.357,1.357,0,0,1-.7,1.1l0.067,0.1a2.073,2.073,0,0,0,1.171-1.74A1.394,1.394,0,0,0,585.834,1241.04ZM283.808,1252.9a3.467,3.467,0,0,0-2.475,1.13v-4.81h-0.054l-0.592.27v10.63h0.054l0.43-.89a3.128,3.128,0,0,0,2.328,1.05,3.5,3.5,0,0,0,3.337-3.78C286.836,1254.4,285.558,1252.9,283.808,1252.9Zm-0.322,7.16a2.41,2.41,0,0,1-2.153-1.34v-4.35a3.178,3.178,0,0,1,2.3-1.14c1.385,0,2.475,1.33,2.475,3.37C286.109,1258.72,284.952,1260.06,283.486,1260.06Zm10.582-1.13v-5.97h-0.054l-0.592.27v5.45a3.506,3.506,0,0,1-2.463,1.25c-1.857,0-1.857-1.67-1.857-2.26v-4.71h-0.053l-0.592.27v4.54c0,1.71.753,2.51,2.22,2.51a4.029,4.029,0,0,0,2.745-1.28v0.07l0.35,1.15,0.591-.27Zm5.653,0.69a3.205,3.205,0,0,1-1.211.49c-1.238,0-1.251-1.3-1.251-1.72l0.007-5.11,2.294,0.15,0.188-.36h-2.489v-2.12h-0.054l-0.673,2.12h-1.09v0.36l1.162-.15,0.009,5.22a1.5,1.5,0,0,0,1.588,1.78,3.06,3.06,0,0,0,1.628-.5Zm11.7-5.7a3.691,3.691,0,0,0-5.221,5.22A3.691,3.691,0,1,0,311.417,1253.92Zm-0.134,5.09a3.551,3.551,0,0,1-4.953-4.96,2.736,2.736,0,0,1,1.963-.79,3.754,3.754,0,0,1,2.614,1.15,3.856,3.856,0,0,1,1.147,2.37A2.761,2.761,0,0,1,311.283,1259.01Zm6.295-6.11a3.929,3.929,0,0,0-2.785,1.23v-1.17h-0.054l-0.592.27v6.89h0.646v-5.74a3.685,3.685,0,0,1,2.513-1.21c1.857,0,1.846,1.75,1.846,2.34v4.61H319.8v-4.71C319.8,1253.7,319.044,1252.9,317.578,1252.9Zm4.777-3.68-0.592.27v10.63h0.646v-10.9h-0.054Zm7.02,3.82-2.291,6.25,0.012-.1-2.677-6.15h-0.7l3.041,6.99-0.485,1.21c-0.444,1.11-2.01,1.28-2.643,1.28a2.414,2.414,0,0,1-.511-0.06l-0.085.78a3.679,3.679,0,0,0,3.5-2l0.435-1.02,0.01-.01,0.013-.03,0.039-.11,0.065-.17,2.546-6.85Zm10.822,0-2.291,6.25,0.012-.1-2.677-6.15h-0.7l3.041,6.99-0.485,1.21c-0.444,1.11-2.01,1.28-2.643,1.28a2.414,2.414,0,0,1-.511-0.06l-0.085.78a3.679,3.679,0,0,0,3.5-2l0.435-1.02,0.01-.01,0.013-.03,0.039-.11,0.065-.17,2.546-6.85Zm7.536,0.88a3.691,3.691,0,0,0-5.221,5.22A3.691,3.691,0,1,0,347.733,1253.92Zm-0.134,5.09a3.551,3.551,0,0,1-4.953-4.96,2.736,2.736,0,0,1,1.963-.79,3.756,3.756,0,0,1,2.614,1.15,3.856,3.856,0,0,1,1.147,2.37A2.761,2.761,0,0,1,347.6,1259.01Zm8.405-.08v-5.97H355.95l-0.592.27v5.45a3.506,3.506,0,0,1-2.463,1.25c-1.857,0-1.857-1.67-1.857-2.26v-4.71h-0.053l-0.592.27v4.54c0,1.71.753,2.51,2.22,2.51a4.029,4.029,0,0,0,2.745-1.28v0.07l0.349,1.15,0.592-.27Zm11.723,0.95c-0.673,0-.673-0.38-0.673-1.03v-3.44c0-1.72-.753-2.5-2.206-2.5a3.415,3.415,0,0,0-2.436,1.05l0.122,0.14a3.016,3.016,0,0,1,2.045-.84c1.238,0,1.83.74,1.83,2.26v0.8c-0.444.03-.929,0.07-1.4,0.13-1.83.21-3.094,0.92-3.094,2.22a1.623,1.623,0,0,0,1.856,1.58,4.029,4.029,0,0,0,2.638-1.06,0.87,0.87,0,0,0,.793.98,1.525,1.525,0,0,0,.767-0.24v-0.08A1.975,1.975,0,0,1,367.727,1259.88Zm-1.318-.95a3.285,3.285,0,0,1-2.247.97,1.713,1.713,0,0,1-1.826-1.58c-0.1-1.43,2.183-1.73,4.073-1.66v2.27Zm5.874-5.99a2.748,2.748,0,0,0-2.261,1.48v-1.46h-0.053l-0.592.27v6.89h0.645v-5.54a2.024,2.024,0,0,1,1.881-.98,1.758,1.758,0,0,1,.767.17l0.272-.75A2.548,2.548,0,0,0,372.283,1252.94Zm7.6,6.07a3.186,3.186,0,0,1-4.5-.37,3.651,3.651,0,0,1-1.129-2.7h5.613c0-.08,0-0.15-0.007-0.22a2.625,2.625,0,0,0-2.381-2.81,0.055,0.055,0,0,0-.011-0.01h-0.1a0.1,0.1,0,0,1-.053-0.01h-0.054a3.349,3.349,0,0,0-2.371,1.13,3.621,3.621,0,0,0,5.121,5.12,4.055,4.055,0,0,0,.331-0.38H380.1C380.03,1258.84,379.957,1258.93,379.879,1259.01Zm-4.859-4.86a2.646,2.646,0,0,1,1.926-.78,2.046,2.046,0,0,1,2.171,1.94c0,0.02,0,.04.006,0.05,0.01,0.08.016,0.17,0.018,0.25a0.134,0.134,0,0,1,0,.02c0,0.03,0,.06,0,0.09h-4.88A2.619,2.619,0,0,1,375.02,1254.15Zm19.268-1.25a3.792,3.792,0,0,0-2.8,1.35,1.915,1.915,0,0,0-2.072-1.35,3.6,3.6,0,0,0-2.651,1.23v-1.17h-0.053l-0.592.27v6.89h0.645v-5.74a3.39,3.39,0,0,1,2.379-1.21c1.857,0,1.846,1.75,1.846,2.34v4.61h0.646v-4.71a3.813,3.813,0,0,0-.094-0.92,3.5,3.5,0,0,1,2.473-1.32c1.857,0,1.846,1.75,1.846,2.34v4.61h0.646v-4.71C396.508,1253.7,395.755,1252.9,394.288,1252.9Zm9.119,0.14-2.291,6.25,0.012-.1-2.677-6.15h-0.7l3.041,6.99-0.485,1.21c-0.444,1.11-2.01,1.28-2.643,1.28a2.414,2.414,0,0,1-.511-0.06l-0.085.78a3.679,3.679,0,0,0,3.5-2l0.435-1.02,0.01-.01,0.013-.03,0.039-.11,0.065-.17,2.546-6.85Zm11.425,5.89v-5.97h-0.054l-0.592.27v5.45a3.506,3.506,0,0,1-2.463,1.25c-1.857,0-1.857-1.67-1.857-2.26v-4.71h-0.053l-0.592.27v4.54c0,1.71.753,2.51,2.22,2.51a4.029,4.029,0,0,0,2.745-1.28v0.07l0.349,1.15,0.592-.27Zm5.506-6.03a3.932,3.932,0,0,0-2.786,1.23v-1.17H417.5l-0.592.27v6.89h0.645v-5.74a3.689,3.689,0,0,1,2.514-1.21c1.857,0,1.846,1.75,1.846,2.34v4.61h0.646v-4.71C422.558,1253.7,421.8,1252.9,420.338,1252.9Zm4.188,0.33v6.89h0.645v-7.16h-0.054Zm0.632-1.98a0.438,0.438,0,1,0-.619,0A0.439,0.439,0,0,0,425.158,1251.25Zm7.785,1.71-0.485.9a3.114,3.114,0,0,0-2.246-.96,3.5,3.5,0,0,0-3.337,3.78c0,2.1,1.278,3.6,3.027,3.6a3.469,3.469,0,0,0,2.476-1.13v4.03h0.646v-10.22h-0.081Zm-0.565,5.85a3.182,3.182,0,0,1-2.3,1.14c-1.386,0-2.476-1.33-2.476-3.37,0-2.12,1.168-3.55,2.635-3.55a2.485,2.485,0,0,1,2.142,1.43v4.35Zm8.2,0.12v-5.97h-0.053l-0.592.27v5.45a3.506,3.506,0,0,1-2.463,1.25c-1.857,0-1.857-1.67-1.857-2.26v-4.71h-0.053l-0.592.27v4.54c0,1.71.753,2.51,2.22,2.51a4.031,4.031,0,0,0,2.745-1.28v0.07l0.349,1.15,0.592-.27Zm7.762,0.08a3.186,3.186,0,0,1-4.5-.37,3.651,3.651,0,0,1-1.129-2.7h5.613c0-.08,0-0.15-0.007-0.22a2.625,2.625,0,0,0-2.381-2.81,0.055,0.055,0,0,0-.011-0.01h-0.095a0.1,0.1,0,0,1-.053-0.01h-0.054a3.349,3.349,0,0,0-2.371,1.13,3.621,3.621,0,0,0,5.121,5.12,4.207,4.207,0,0,0,.331-0.38h-0.245C448.49,1258.84,448.417,1258.93,448.339,1259.01Zm-4.859-4.86a2.646,2.646,0,0,1,1.926-.78,2.046,2.046,0,0,1,2.171,1.94c0,0.02,0,.04.006,0.05,0.01,0.08.016,0.17,0.018,0.25a0.134,0.134,0,0,1,0,.02c0,0.03,0,.06,0,0.09h-4.88A2.619,2.619,0,0,1,443.48,1254.15Zm14.007-1.21a2.748,2.748,0,0,0-2.261,1.48v-1.46h-0.053l-0.592.27v6.89h0.645v-5.54a2.024,2.024,0,0,1,1.881-.98,1.751,1.751,0,0,1,.766.17l0.273-.75A2.548,2.548,0,0,0,457.487,1252.94Zm7.846,0.98a3.691,3.691,0,0,0-5.221,5.22A3.691,3.691,0,1,0,465.333,1253.92Zm-0.134,5.09a3.552,3.552,0,0,1-4.954-4.96,2.74,2.74,0,0,1,1.964-.79,3.756,3.756,0,0,1,2.614,1.15,3.856,3.856,0,0,1,1.147,2.37A2.761,2.761,0,0,1,465.2,1259.01Zm5.418-2.77-0.539-.24c-0.713-.32-1.695-0.7-1.695-1.59a1.48,1.48,0,0,1,1.6-1.42,3.593,3.593,0,0,1,2.049,1.22l0.289-.71a4.657,4.657,0,0,0-2.273-.6c-1.265,0-2.234.64-2.234,1.71,0,1.13,1.05,1.6,2,2.03l0.538,0.25c0.848,0.37,1.682.75,1.682,1.67a1.742,1.742,0,0,1-1.918,1.61c-1,0-1.55-.84-2.129-1.42l-0.34.8a4.322,4.322,0,0,0,2.422.73c1.48,0,2.516-.74,2.516-1.94S471.518,1256.64,470.617,1256.24Zm9.292,2.77a3.186,3.186,0,0,1-4.5-.37,3.651,3.651,0,0,1-1.129-2.7h5.613c0-.08,0-0.15-0.007-0.22a2.625,2.625,0,0,0-2.381-2.81,0.055,0.055,0,0,0-.011-0.01H477.4a0.1,0.1,0,0,1-.053-0.01h-0.054a3.349,3.349,0,0,0-2.371,1.13,3.621,3.621,0,0,0,5.121,5.12,4.207,4.207,0,0,0,.331-0.38h-0.245C480.06,1258.84,479.987,1258.93,479.909,1259.01Zm-4.859-4.86a2.646,2.646,0,0,1,1.926-.78,2.046,2.046,0,0,1,2.171,1.94c0,0.02,0,.04.006,0.05,0.01,0.08.016,0.17,0.018,0.25a0.134,0.134,0,0,1,0,.02c0,0.03,0,.06,0,0.09H474.3A2.619,2.619,0,0,1,475.05,1254.15Zm7.028,5.09-0.09-.09a0.414,0.414,0,0,0-.583,0l-0.09.09a0.409,0.409,0,0,0,0,.58l0.09,0.09a0.4,0.4,0,0,0,.583,0l0.09-.09A0.409,0.409,0,0,0,482.078,1259.24Zm-143.941,36.38a3.205,3.205,0,0,1-1.211.49c-1.238,0-1.251-1.3-1.251-1.72l0.007-5.11,2.294,0.15,0.188-.36h-2.489v-2.12h-0.054l-0.673,2.12h-1.09v0.36l1.162-.15,0.009,5.22a1.5,1.5,0,0,0,1.588,1.78,3.062,3.062,0,0,0,1.628-.5Zm4.907-6.72a3.932,3.932,0,0,0-2.786,1.23v-4.91h-0.053l-0.592.27v10.63h0.645v-5.74a3.689,3.689,0,0,1,2.514-1.21c1.857,0,1.846,1.75,1.846,2.34v4.61h0.646v-4.71C345.264,1289.7,344.51,1288.9,343.044,1288.9Zm9.549,6.98c-0.673,0-.673-0.38-0.673-1.03v-3.44c0-1.72-.753-2.5-2.206-2.5a3.413,3.413,0,0,0-2.436,1.05l0.121,0.14a3.02,3.02,0,0,1,2.046-.84c1.237,0,1.83.74,1.83,2.26v0.8c-0.445.03-.929,0.07-1.4,0.13-1.83.21-3.1,0.92-3.1,2.22a1.624,1.624,0,0,0,1.857,1.58,4.031,4.031,0,0,0,2.638-1.06,0.869,0.869,0,0,0,.793.98,1.525,1.525,0,0,0,.767-0.24v-0.08A1.975,1.975,0,0,1,352.593,1295.88Zm-1.318-.95a3.286,3.286,0,0,1-2.248.97,1.712,1.712,0,0,1-1.825-1.58c-0.1-1.43,2.183-1.73,4.073-1.66v2.27Zm6.546,0.69a3.205,3.205,0,0,1-1.211.49c-1.238,0-1.251-1.3-1.251-1.72l0.007-5.11,2.294,0.15,0.188-.36h-2.489v-2.12h-0.054l-0.673,2.12h-1.09v0.36l1.162-.15,0.009,5.22a1.5,1.5,0,0,0,1.588,1.78,3.062,3.062,0,0,0,1.628-.5Zm6.571,0.51v-9.79h-0.7v9.79h0.7Zm15.789-7.05-0.265-.01-2.411,6.57-1.942-4.45,0.785-2.11-0.265-.01-0.66,1.8-0.786-1.8h-0.7l1.148,2.72-1.413,3.85-2.868-6.57h-0.7l3.028,7.18h0.805l-0.137-.31,1.42-3.83,1.745,4.14h0.805l-0.137-.31Zm1.35,0.15v6.89h0.646v-7.16h-0.054Zm0.633-1.98a0.438,0.438,0,1,0-.619,0A0.439,0.439,0,0,0,382.164,1287.25Zm2.631-2.03-0.592.27v10.63h0.645v-10.9H384.8Zm2.674,0-0.592.27v10.63h0.645v-10.9h-0.053Zm11.73,10.66c-0.673,0-.673-0.38-0.673-1.03v-3.44c0-1.72-.753-2.5-2.206-2.5a3.413,3.413,0,0,0-2.436,1.05l0.121,0.14a3.02,3.02,0,0,1,2.046-.84c1.237,0,1.83.74,1.83,2.26v0.8c-0.445.03-.929,0.07-1.4,0.13-1.83.21-3.095,0.92-3.095,2.22a1.624,1.624,0,0,0,1.857,1.58,4.031,4.031,0,0,0,2.638-1.06,0.869,0.869,0,0,0,.793.98,1.525,1.525,0,0,0,.767-0.24v-0.08A1.975,1.975,0,0,1,399.2,1295.88Zm-1.318-.95a3.286,3.286,0,0,1-2.248.97,1.712,1.712,0,0,1-1.825-1.58c-0.1-1.43,2.183-1.73,4.073-1.66v2.27Zm3.56-9.71-0.592.27v10.63h0.645v-10.9h-0.053Zm11.458,3.86-0.265-.01-2.411,6.57-1.942-4.45,0.785-2.11-0.265-.01-0.66,1.8-0.786-1.8h-0.7l1.148,2.72-1.413,3.85-2.868-6.57h-0.7l3.028,7.18h0.8l-0.137-.31,1.42-3.83,1.745,4.14h0.805l-0.137-.31Zm6.712,6.8c-0.673,0-.673-0.38-0.673-1.03v-3.44c0-1.72-.753-2.5-2.206-2.5a3.413,3.413,0,0,0-2.436,1.05l0.121,0.14a3.02,3.02,0,0,1,2.046-.84c1.237,0,1.83.74,1.83,2.26v0.8c-0.445.03-.929,0.07-1.4,0.13-1.83.21-3.095,0.92-3.095,2.22a1.624,1.624,0,0,0,1.857,1.58,4.031,4.031,0,0,0,2.638-1.06,0.869,0.869,0,0,0,.793.98,1.525,1.525,0,0,0,.767-0.24v-0.08A1.975,1.975,0,0,1,419.611,1295.88Zm-1.318-.95a3.286,3.286,0,0,1-2.248.97,1.712,1.712,0,0,1-1.825-1.58c-0.1-1.43,2.183-1.73,4.073-1.66v2.27Zm7.906-5.89-2.292,6.25,0.013-.1-2.678-6.15h-0.7l3.041,6.99-0.485,1.21c-0.444,1.11-2.011,1.28-2.643,1.28a2.414,2.414,0,0,1-.511-0.06l-0.085.78a3.679,3.679,0,0,0,3.5-2l0.435-1.02,0.01-.01,0.013-.03,0.039-.11,0.065-.17,2.546-6.85Zm4.153,3.2-0.538-.24c-0.713-.32-1.695-0.7-1.695-1.59a1.48,1.48,0,0,1,1.6-1.42,3.593,3.593,0,0,1,2.049,1.22l0.289-.71a4.658,4.658,0,0,0-2.274-.6c-1.264,0-2.233.64-2.233,1.71,0,1.13,1.049,1.6,2.005,2.03l0.538,0.25c0.848,0.37,1.682.75,1.682,1.67a1.742,1.742,0,0,1-1.918,1.61c-1,0-1.551-.84-2.129-1.42l-0.34.8a4.322,4.322,0,0,0,2.422.73c1.48,0,2.516-.74,2.516-1.94S431.254,1292.64,430.352,1292.24Zm-142.017,10.98-0.592.27v10.63h0.646v-10.9h-0.054Zm8.018,4.7a3.691,3.691,0,0,0-5.221,5.22A3.691,3.691,0,1,0,296.353,1307.92Zm-0.134,5.09a3.552,3.552,0,0,1-4.954-4.96,2.74,2.74,0,0,1,1.964-.79,3.756,3.756,0,0,1,2.614,1.15,3.856,3.856,0,0,1,1.147,2.37A2.761,2.761,0,0,1,296.219,1313.01Zm8.407-5.93-0.265-.01-2.411,6.57-2.868-6.57h-0.7l3.028,7.18h0.8l-0.137-.31Zm7.031,5.93a3.186,3.186,0,0,1-4.5-.37,3.651,3.651,0,0,1-1.129-2.7h5.613c0-.08,0-0.15-0.007-0.22a2.625,2.625,0,0,0-2.381-2.81,0.055,0.055,0,0,0-.011-0.01h-0.095a0.1,0.1,0,0,1-.053-0.01h-0.054a3.349,3.349,0,0,0-2.371,1.13,3.621,3.621,0,0,0,5.121,5.12,4.207,4.207,0,0,0,.331-0.38h-0.245C311.808,1312.84,311.735,1312.93,311.657,1313.01Zm-4.859-4.86a2.646,2.646,0,0,1,1.926-.78,2.046,2.046,0,0,1,2.171,1.94c0,0.02,0,.04.006,0.05,0.01,0.08.016,0.17,0.018,0.25a0.134,0.134,0,0,1,0,.02c0,0.03,0,.06,0,0.09h-4.88A2.619,2.619,0,0,1,306.8,1308.15Zm16.039-1.11-2.291,6.25,0.012-.1-2.677-6.15h-0.7l3.041,6.99-0.485,1.21c-0.444,1.11-2.01,1.28-2.643,1.28a2.414,2.414,0,0,1-.511-0.06l-0.085.78a3.679,3.679,0,0,0,3.5-2l0.435-1.02,0.01-.01,0.013-.03,0.039-.11,0.065-.17,2.546-6.85Zm7.536,0.88a3.691,3.691,0,0,0-5.221,5.22A3.691,3.691,0,1,0,330.373,1307.92Zm-0.134,5.09a3.552,3.552,0,0,1-4.954-4.96,2.74,2.74,0,0,1,1.964-.79,3.756,3.756,0,0,1,2.614,1.15,3.856,3.856,0,0,1,1.147,2.37A2.761,2.761,0,0,1,330.239,1313.01Zm8.4-.08v-5.97H338.59l-0.592.27v5.45a3.508,3.508,0,0,1-2.463,1.25c-1.857,0-1.857-1.67-1.857-2.26v-4.71h-0.053l-0.592.27v4.54c0,1.71.753,2.51,2.22,2.51A4.031,4.031,0,0,0,338,1313v0.07l0.349,1.15,0.592-.27Zm11.724,0.95c-0.673,0-.673-0.38-0.673-1.03v-3.44c0-1.72-.753-2.5-2.206-2.5a3.413,3.413,0,0,0-2.436,1.05l0.121,0.14a3.02,3.02,0,0,1,2.046-.84c1.238,0,1.83.74,1.83,2.26v0.8c-0.444.03-.929,0.07-1.4,0.13-1.83.21-3.1,0.92-3.1,2.22a1.624,1.624,0,0,0,1.857,1.58,4.029,4.029,0,0,0,2.638-1.06,0.87,0.87,0,0,0,.793.98,1.525,1.525,0,0,0,.767-0.24v-0.08A1.975,1.975,0,0,1,350.367,1313.88Zm-1.318-.95a3.285,3.285,0,0,1-2.247.97,1.713,1.713,0,0,1-1.826-1.58c-0.1-1.43,2.183-1.73,4.073-1.66v2.27Zm6.4-6.03a3.932,3.932,0,0,0-2.786,1.23v-1.17h-0.053l-0.592.27v6.89h0.645v-5.74a3.689,3.689,0,0,1,2.514-1.21c1.856,0,1.846,1.75,1.846,2.34v4.61h0.646v-4.71C357.668,1307.7,356.914,1306.9,355.448,1306.9Zm10.011,6.03v-9.71h-0.053l-0.592.27v4.29a3.084,3.084,0,0,0-2.167-.88,3.5,3.5,0,0,0-3.337,3.78c0,2.1,1.279,3.6,3.028,3.6a3.432,3.432,0,0,0,2.489-1.16l0.337,1.1,0.591-.27Zm-0.645-.12a3.182,3.182,0,0,1-2.3,1.14c-1.386,0-2.476-1.33-2.476-3.37,0-2.12,1.157-3.46,2.624-3.46a2.412,2.412,0,0,1,2.153,1.34v4.35Zm10.134-5.91a3.467,3.467,0,0,0-2.475,1.13v-4.81h-0.054l-0.592.27v10.63h0.053l0.431-.89a3.126,3.126,0,0,0,2.328,1.05,3.5,3.5,0,0,0,3.337-3.78C377.976,1308.4,376.7,1306.9,374.948,1306.9Zm-0.323,7.16a2.409,2.409,0,0,1-2.152-1.34v-4.35a3.178,3.178,0,0,1,2.3-1.14c1.386,0,2.476,1.33,2.476,3.37C377.249,1312.72,376.092,1314.06,374.625,1314.06Zm10.728-1.05a3.186,3.186,0,0,1-4.5-.37,3.651,3.651,0,0,1-1.129-2.7h5.613c0-.08,0-0.15-0.007-0.22a2.625,2.625,0,0,0-2.381-2.81,0.055,0.055,0,0,0-.011-0.01h-0.1a0.1,0.1,0,0,1-.053-0.01h-0.054a3.349,3.349,0,0,0-2.371,1.13,3.621,3.621,0,0,0,5.121,5.12,4.207,4.207,0,0,0,.331-0.38h-0.245C385.5,1312.84,385.431,1312.93,385.353,1313.01Zm-4.859-4.86a2.646,2.646,0,0,1,1.926-.78,2.046,2.046,0,0,1,2.171,1.94c0,0.02,0,.04.006,0.05,0.01,0.08.016,0.17,0.018,0.25a0.134,0.134,0,0,1,0,.02c0,0.03,0,.06,0,0.09h-4.88A2.619,2.619,0,0,1,380.494,1308.15Zm13.967-4.66a3.563,3.563,0,0,1,1.534.31l0.081-.17a4.052,4.052,0,0,0-1.871-.47c-1.345,0-2.112.84-2.112,2.51v1.4h-1.171v0.44l1.179-.14-0.008,6.75h0.646l0.008-6.74,2.292,0.13,0.189-.44h-2.489v-1.3C392.739,1304.2,393.331,1303.49,394.461,1303.49Zm7.37,10.39c-0.673,0-.673-0.38-0.673-1.03v-3.44c0-1.72-.753-2.5-2.206-2.5a3.413,3.413,0,0,0-2.436,1.05l0.121,0.14a3.02,3.02,0,0,1,2.046-.84c1.238,0,1.83.74,1.83,2.26v0.8c-0.444.03-.929,0.07-1.4,0.13-1.83.21-3.1,0.92-3.1,2.22a1.624,1.624,0,0,0,1.857,1.58,4.029,4.029,0,0,0,2.638-1.06,0.87,0.87,0,0,0,.793.98,1.525,1.525,0,0,0,.767-0.24v-0.08A1.975,1.975,0,0,1,401.831,1313.88Zm-1.318-.95a3.285,3.285,0,0,1-2.247.97,1.713,1.713,0,0,1-1.826-1.58c-0.1-1.43,2.183-1.73,4.073-1.66v2.27Zm2.97-5.7v6.89h0.646v-7.16h-0.054Zm0.633-1.98a0.438,0.438,0,1,0-.619,0A0.439,0.439,0,0,0,404.116,1305.25Zm5.617,8.37a3.205,3.205,0,0,1-1.211.49c-1.238,0-1.251-1.3-1.251-1.72l0.007-5.11,2.294,0.15,0.188-.36h-2.489v-2.12h-0.054l-0.673,2.12h-1.09v0.36l1.162-.15,0.009,5.22a1.5,1.5,0,0,0,1.588,1.78,3.062,3.062,0,0,0,1.628-.5Zm4.907-6.72a3.929,3.929,0,0,0-2.785,1.23v-4.91H411.8l-0.592.27v10.63h0.646v-5.74a3.685,3.685,0,0,1,2.513-1.21c1.857,0,1.846,1.75,1.846,2.34v4.61h0.646v-4.71C416.86,1307.7,416.106,1306.9,414.64,1306.9Zm7.051-3.41a3.563,3.563,0,0,1,1.534.31l0.081-.17a4.052,4.052,0,0,0-1.871-.47c-1.345,0-2.112.84-2.112,2.51v1.4h-1.171v0.44l1.179-.14-0.008,6.75h0.646l0.008-6.74,2.292,0.13,0.189-.44h-2.489v-1.3C419.969,1304.2,420.561,1303.49,421.691,1303.49Zm7.546,9.44v-5.97h-0.053l-0.592.27v5.45a3.508,3.508,0,0,1-2.463,1.25c-1.857,0-1.857-1.67-1.857-2.26v-4.71h-0.053l-0.592.27v4.54c0,1.71.753,2.51,2.22,2.51a4.031,4.031,0,0,0,2.745-1.28v0.07l0.349,1.15,0.592-.27Zm2.668-9.71-0.592.27v10.63h0.646v-10.9h-0.054Zm9.944,10.4a3.205,3.205,0,0,1-1.211.49c-1.238,0-1.251-1.3-1.251-1.72l0.007-5.11,2.294,0.15,0.188-.36h-2.489v-2.12h-0.054l-0.673,2.12h-1.09v0.36l1.162-.15,0.009,5.22a1.5,1.5,0,0,0,1.588,1.78,3.062,3.062,0,0,0,1.628-.5Zm7.412-5.7a3.691,3.691,0,0,0-5.221,5.22A3.691,3.691,0,1,0,449.261,1307.92Zm-0.134,5.09a3.552,3.552,0,0,1-4.954-4.96,2.74,2.74,0,0,1,1.964-.79,3.756,3.756,0,0,1,2.614,1.15,3.856,3.856,0,0,1,1.147,2.37A2.761,2.761,0,0,1,449.127,1313.01Zm12.086-5.97-2.292,6.25,0.013-.1-2.678-6.15h-0.7l3.041,6.99-0.485,1.21c-0.444,1.11-2.011,1.28-2.643,1.28a2.414,2.414,0,0,1-.511-0.06l-0.085.78a3.679,3.679,0,0,0,3.5-2l0.435-1.02,0.01-.01,0.013-.03,0.039-.11,0.065-.17,2.546-6.85Zm7.536,0.88a3.691,3.691,0,0,0-5.221,5.22A3.691,3.691,0,1,0,468.749,1307.92Zm-0.134,5.09a3.552,3.552,0,0,1-4.954-4.96,2.74,2.74,0,0,1,1.964-.79,3.756,3.756,0,0,1,2.614,1.15,3.856,3.856,0,0,1,1.147,2.37A2.761,2.761,0,0,1,468.615,1313.01Zm8.4-.08v-5.97h-0.053l-0.592.27v5.45a3.508,3.508,0,0,1-2.463,1.25c-1.857,0-1.857-1.67-1.857-2.26v-4.71H472l-0.592.27v4.54c0,1.71.753,2.51,2.22,2.51a4.031,4.031,0,0,0,2.745-1.28v0.07l0.349,1.15,0.592-.27Zm2.287,0.31-0.09-.09a0.414,0.414,0,0,0-.583,0l-0.09.09a0.409,0.409,0,0,0,0,.58l0.09,0.09a0.4,0.4,0,0,0,.583,0l0.09-.09A0.41,0.41,0,0,0,479.306,1313.24Z" transform="translate(-180.5 -1231.16)"/>
</svg>
