<svg xmlns="http://www.w3.org/2000/svg" width="503" height="16" viewBox="0 0 503 16">
  <metadata><?xpacket begin="﻿" id="W5M0MpCehiHzreSzNTczkc9d"?>
<x:xmpmeta xmlns:x="adobe:ns:meta/" x:xmptk="Adobe XMP Core 5.6-c142 79.160924, 2017/07/13-01:06:39        ">
   <rdf:RDF xmlns:rdf="http://www.w3.org/1999/02/22-rdf-syntax-ns#">
      <rdf:Description rdf:about=""/>
   </rdf:RDF>
</x:xmpmeta>
                                                                                                    
                                                                                                    
                                                                                                    
                                                                                                    
                                                                                                    
                                                                                                    
                                                                                                    
                                                                                                    
                                                                                                    
                                                                                                    
                                                                                                    
                                                                                                    
                                                                                                    
                                                                                                    
                                                                                                    
                                                                                                    
                                                                                                    
                                                                                                    
                                                                                                    
                                                                                                    
                           
<?xpacket end="w"?></metadata>
<defs>
    <style>
      .cls-1 {
        fill: #777;
        fill-rule: evenodd;
      }
    </style>
  </defs>
  <path id="形状_4" data-name="形状 4" class="cls-1" d="M457.993,300.059a5.984,5.984,0,0,0-5.9,4.986H183.934v2H452.093a5.984,5.984,0,0,0,11.8,0H567.017v-2H463.894A5.985,5.985,0,0,0,457.993,300.059ZM133.084,299.6a3.629,3.629,0,0,0-1.676-1.256,6.382,6.382,0,0,0-2.147-.347,6.3,6.3,0,0,0-2.136.347,3.639,3.639,0,0,0-1.664,1.256,6.624,6.624,0,0,0-1.079,2.454,20.623,20.623,0,0,0,0,7.9,6.518,6.518,0,0,0,1.079,2.455,3.66,3.66,0,0,0,1.664,1.244,6.3,6.3,0,0,0,2.136.347,6.382,6.382,0,0,0,2.147-.347,3.65,3.65,0,0,0,1.676-1.244,6.534,6.534,0,0,0,1.08-2.455,20.677,20.677,0,0,0,0-7.9A6.64,6.64,0,0,0,133.084,299.6Zm-0.776,9.5a5.825,5.825,0,0,1-.6,1.939,2.274,2.274,0,0,1-1.012,1,3.4,3.4,0,0,1-1.439.28,3.347,3.347,0,0,1-1.416-.28,2.215,2.215,0,0,1-1-1,5.988,5.988,0,0,1-.584-1.939,25.147,25.147,0,0,1,0-6.187,6,6,0,0,1,.584-1.939,2.218,2.218,0,0,1,1-1,3.347,3.347,0,0,1,1.416-.281,3.4,3.4,0,0,1,1.439.281,2.277,2.277,0,0,1,1.012,1,5.84,5.84,0,0,1,.6,1.939A25.147,25.147,0,0,1,132.308,309.1Zm7.679,1.984a1.9,1.9,0,0,0-1.114.247,1.436,1.436,0,0,0-.325,1.143,1.511,1.511,0,0,0,.325,1.188,2.609,2.609,0,0,0,2.216,0,1.472,1.472,0,0,0,.337-1.188,1.4,1.4,0,0,0-.337-1.143A1.9,1.9,0,0,0,139.987,311.086Zm0-9.55a1.9,1.9,0,0,0-1.114.247,2.254,2.254,0,0,0,0,2.332,2.618,2.618,0,0,0,2.216,0,2.186,2.186,0,0,0,0-2.332A1.908,1.908,0,0,0,139.987,301.536Zm14.525-1.938a3.629,3.629,0,0,0-1.676-1.256,6.382,6.382,0,0,0-2.147-.347,6.3,6.3,0,0,0-2.136.347,3.639,3.639,0,0,0-1.664,1.256,6.624,6.624,0,0,0-1.079,2.454,20.623,20.623,0,0,0,0,7.9,6.518,6.518,0,0,0,1.079,2.455,3.66,3.66,0,0,0,1.664,1.244,6.3,6.3,0,0,0,2.136.347,6.382,6.382,0,0,0,2.147-.347,3.65,3.65,0,0,0,1.676-1.244,6.534,6.534,0,0,0,1.08-2.455,20.677,20.677,0,0,0,0-7.9A6.64,6.64,0,0,0,154.512,299.6Zm-0.776,9.5a5.825,5.825,0,0,1-.6,1.939,2.274,2.274,0,0,1-1.012,1,3.4,3.4,0,0,1-1.439.28,3.344,3.344,0,0,1-1.416-.28,2.215,2.215,0,0,1-1-1,5.988,5.988,0,0,1-.584-1.939,25.147,25.147,0,0,1,0-6.187,6,6,0,0,1,.584-1.939,2.218,2.218,0,0,1,1-1,3.344,3.344,0,0,1,1.416-.281,3.4,3.4,0,0,1,1.439.281,2.277,2.277,0,0,1,1.012,1,5.84,5.84,0,0,1,.6,1.939A25.147,25.147,0,0,1,153.736,309.1Zm13.7-9.5a3.621,3.621,0,0,0-1.675-1.256,6.391,6.391,0,0,0-2.147-.347,6.3,6.3,0,0,0-2.136.347,3.639,3.639,0,0,0-1.664,1.256,6.607,6.607,0,0,0-1.079,2.454,20.623,20.623,0,0,0,0,7.9,6.5,6.5,0,0,0,1.079,2.455,3.66,3.66,0,0,0,1.664,1.244,6.3,6.3,0,0,0,2.136.347,6.391,6.391,0,0,0,2.147-.347,3.642,3.642,0,0,0,1.675-1.244,6.487,6.487,0,0,0,1.079-2.455,20.571,20.571,0,0,0,0-7.9A6.591,6.591,0,0,0,167.44,299.6Zm-0.775,9.5a5.825,5.825,0,0,1-.6,1.939,2.274,2.274,0,0,1-1.012,1,3.4,3.4,0,0,1-1.439.28,3.355,3.355,0,0,1-1.417-.28,2.218,2.218,0,0,1-1-1,5.988,5.988,0,0,1-.584-1.939,25.147,25.147,0,0,1,0-6.187,6,6,0,0,1,.584-1.939,2.221,2.221,0,0,1,1-1,3.355,3.355,0,0,1,1.417-.281,3.4,3.4,0,0,1,1.439.281,2.277,2.277,0,0,1,1.012,1,5.84,5.84,0,0,1,.6,1.939A25.147,25.147,0,0,1,166.665,309.1Zm419.975-5.01q-0.54,0-.966.034c-0.286.022-.57,0.056-0.855,0.1l0.652-4.259h5.756v-1.749h-7.285l-1.057,7.734q0.743-.135,1.552-0.235a11.634,11.634,0,0,1,1.439-.1,5.733,5.733,0,0,1,3.451.795,3.025,3.025,0,0,1,1.023,2.545,3.612,3.612,0,0,1-.315,1.6,2.679,2.679,0,0,1-.877,1.032,3.673,3.673,0,0,1-1.36.56,8.581,8.581,0,0,1-1.765.168,14.833,14.833,0,0,1-1.608-.078,11.849,11.849,0,0,1-1.585-.3v1.771a13.731,13.731,0,0,0,1.518.224q0.753,0.067,1.7.067a10.566,10.566,0,0,0,2.574-.291,5.266,5.266,0,0,0,1.967-.919,4.121,4.121,0,0,0,1.248-1.6,5.733,5.733,0,0,0,.439-2.365,4.265,4.265,0,0,0-1.461-3.609A6.763,6.763,0,0,0,586.64,304.092Zm11.445,6.994a1.9,1.9,0,0,0-1.114.247,1.436,1.436,0,0,0-.325,1.143,1.511,1.511,0,0,0,.325,1.188,2.606,2.606,0,0,0,2.215,0,1.472,1.472,0,0,0,.338-1.188,1.4,1.4,0,0,0-.338-1.143A1.9,1.9,0,0,0,598.085,311.086Zm0-9.55a1.9,1.9,0,0,0-1.114.247,2.254,2.254,0,0,0,0,2.332,2.616,2.616,0,0,0,2.215,0,2.18,2.18,0,0,0,0-2.332A1.9,1.9,0,0,0,598.085,301.536Zm7.757,10.335,0.9-.695q1.89-1.5,3.148-2.656a15.78,15.78,0,0,0,2-2.153,7.07,7.07,0,0,0,1.056-1.928,6.132,6.132,0,0,0,.315-1.983,5.366,5.366,0,0,0-.349-2.04,3.417,3.417,0,0,0-1.011-1.39,4.219,4.219,0,0,0-1.585-.785,8.031,8.031,0,0,0-2.069-.246,18.627,18.627,0,0,0-1.877.09,13.677,13.677,0,0,0-1.675.268v1.727a10.7,10.7,0,0,1,1.753-.326q0.833-.078,1.574-0.078a6.318,6.318,0,0,1,1.158.112,2.879,2.879,0,0,1,1.069.426,2.439,2.439,0,0,1,.775.852,2.761,2.761,0,0,1,.3,1.367,5.229,5.229,0,0,1-.27,1.648,6.187,6.187,0,0,1-1.1,1.849,22.25,22.25,0,0,1-2.339,2.4q-1.506,1.367-4,3.318v2.129h10.276v-1.7h-8.05v-0.2Zm20.777-9.819a6.64,6.64,0,0,0-1.08-2.454,3.626,3.626,0,0,0-1.675-1.256,6.392,6.392,0,0,0-2.148-.347,6.287,6.287,0,0,0-2.135.347,3.628,3.628,0,0,0-1.664,1.256,6.591,6.591,0,0,0-1.079,2.454,20.571,20.571,0,0,0,0,7.9,6.487,6.487,0,0,0,1.079,2.455,3.649,3.649,0,0,0,1.664,1.244,6.287,6.287,0,0,0,2.135.347,6.392,6.392,0,0,0,2.148-.347,3.647,3.647,0,0,0,1.675-1.244,6.534,6.534,0,0,0,1.08-2.455A20.677,20.677,0,0,0,626.619,302.052Zm-1.856,7.05a5.827,5.827,0,0,1-.6,1.939,2.276,2.276,0,0,1-1.013,1,3.4,3.4,0,0,1-1.439.28,3.347,3.347,0,0,1-1.416-.28,2.209,2.209,0,0,1-1-1,5.986,5.986,0,0,1-.585-1.939,25.017,25.017,0,0,1,0-6.187,6,6,0,0,1,.585-1.939,2.211,2.211,0,0,1,1-1,3.347,3.347,0,0,1,1.416-.281,3.4,3.4,0,0,1,1.439.281,2.279,2.279,0,0,1,1.013,1,5.842,5.842,0,0,1,.6,1.939A25.147,25.147,0,0,1,624.763,309.1Z" transform="translate(-124 -298)"/>
</svg>
